6
1
-8388607
328 546
0
20
2.9451
0.0944307
0.0420368
0.0424578
0.0411869
0.0248524
0.0363228
0.0365376
0.0423454
0.0886817
0.122327
0.0481423
0.0614901
0.0259252
0.0258949
0.0267126
0.0301817
0.0409707
0.0432185
0.0544416
1
-8388606
329 546
0
20
2.96471
0.0944307
0.0417984
0.0406004
0.0379345
0.0226496
0.0368855
0.0326077
0.0411827
0.0904621
0.12722
0.0500851
0.0613214
0.028964
0.0323434
0.0346244
0.0383717
0.0451103
0.0436862
0.054135
1
-8388605
330 546
0
20
2.92941
0.0963585
0.0442165
0.0380894
0.0324467
0.0202785
0.0356928
0.0267017
0.0387567
0.0914604
0.130614
0.0536686
0.0603722
0.0287302
0.0323434
0.0346244
0.0383717
0.0451103
0.0446053
0.0544278
1
-8388604
331 546
0
20
2.95294
0.094558
0.0389702
0.0362633
0.0324467
0.0202785
0.0356928
0.0267017
0.0383898
0.0911136
0.129073
0.0501244
0.0602146
0.0305533
0.0337331
0.0364251
0.040825
0.0469815
0.0456032
0.0550307
1
-8388603
332 546
0
20
2.96863
0.0961435
0.0404113
0.0362734
0.0324467
0.0202785
0.0357327
0.0270657
0.0367797
0.0892677
0.132321
0.049105
0.0549509
0.0293987
0.0326058
0.0346797
0.0401309
0.0456025
0.0410049
0.054353
1
-8388602
329 547
0
20
2.92941
0.0944307
0.0417984
0.0405354
0.0379244
0.0226496
0.0376621
0.0335374
0.0435756
0.090985
0.127365
0.050309
0.0624483
0.0287897
0.0323434
0.0344696
0.0382892
0.0451103
0.0436862
0.054135
